      4.46
      4.49
    4.5264
      4.54
      4.59
      4.66
       4.6
      4.63
     4.518
      4.86
       4.7
      4.79
      4.84
      4.85
      4.89
       4.9
      4.85
       4.9
      5.08
      5.49
      6.07
      6.28
      6.63
       6.5
       6.4
      6.63
      6.53
      6.91
      7.06
       7.1
      7.63
      7.54
      7.42
      7.07
      6.42
      6.67
       6.7
      6.81
      6.89
      6.38
      6.63
      6.61
      6.44
      6.49
      6.09
      6.75
       6.8
      6.83
      6.95
      6.72
      6.39
      6.22
       6.3
       6.4
      6.32
      6.36
      6.24
      6.18
      6.14
      6.27
      6.26
      6.39
      6.59
      6.66
      6.63
      6.71
      6.74
      6.58
      6.76
       6.7
      6.66
      6.75
         7
      6.88
      6.95
       6.8
      7.02
       7.1
       7.5
      7.46
      7.43
      7.25
      7.18
      6.55
      6.43
      6.54
      6.65
       6.5
       6.6
      6.37
       6.2
       6.2
       6.2
       5.9
      5.81
      5.64
      5.49
      5.39
      5.55
      5.82
      5.99
      5.94
       6.2
      6.14
      5.96
      6.21
      6.26
      6.24
      6.16
      5.95
      6.05
       6.2
       6.3
      6.46
      6.49
      6.48
      6.29
      5.95
    5.9506
      5.98
      5.95
      6.09
      6.08
      6.11
      5.96
      5.98
      6.07
      6.04
       6.1
       6.1
      6.19
      6.19
      6.22
      6.15
      6.01
     6.026
      6.02
      6.02
      5.97
      5.72
      5.98
      5.88
      5.88
       5.8
       5.8
      5.63
      5.78
      5.87
      5.75
      5.78
       5.9
       5.9
      5.97
     5.823
      5.97
      5.99
      5.91
      5.94
      5.95
      5.78
      5.84
      5.81
    5.9001
      5.74
      6.01
      6.05
      5.89
      5.99
      6.04
      6.13
      6.04
      6.07
      5.47
      5.67
      5.61
      5.47
    5.6466
      5.65
      5.87
      5.82
      5.87
      5.69
      5.77
      5.74
      5.78
      5.77
      5.75
      5.73
      5.63
      5.83
      5.82
       5.8
      5.83
      5.77
      5.71
      5.74
     5.565
      5.57
      5.42
      5.33
      5.15
      5.18
      5.11
      5.29
      5.25
      5.14
         5
      4.99
      4.91
         5
      4.84
      4.67
      4.68
       4.6
      4.28
      4.13
       4.3
       4.5
      4.56
      4.31
      4.42
      4.49
      4.55
      4.49
       4.6
      4.64
         5
       5.2
      5.48
      5.83
      5.85
      6.21
       6.3
       6.3
      6.28
      6.15
      5.98
       5.9
      5.76
      5.77
      5.73
      5.81
      5.97
      5.97
    5.9166
      5.99
      5.88
      5.74
      5.64
      5.65
      5.64
      5.69
      5.89
     5.744
      5.65
      5.54
      5.55
      5.25
       5.9
      5.75
      5.51
      5.57
      5.85
      5.69
      5.53
       5.5
      5.35
      5.43
      5.41
      5.47
      5.57
      5.29
      5.28
      5.39
      5.23
      5.19
      5.18
      5.05
      5.05
      5.25
      5.19
      5.18
      5.15
      5.31
      5.16
      5.06
      4.85
      4.89
      5.01
       4.9
      4.87
      4.71
      4.72
      4.57
      5.59
      6.06
      5.37
      5.43
      5.87
      5.86
      6.13
       6.1
      5.94
      5.97
      6.23
      6.19
      6.21
      6.19
      6.29
      6.37
    6.3684
       6.4
       6.4
     6.409
      6.17
      6.11
      6.12
      6.16
      6.21
      6.24
      6.23
       6.2
      6.24
      6.11
      6.37
      6.44
       6.5
      6.49
       6.5
      6.49
      6.51
      6.47
       6.4
      6.46
      6.45
      6.37
       6.5
      6.51
      6.48
      6.36
      6.22
      6.04
      6.14
      6.08
      6.13
      6.24
      6.37
      6.42
       6.2
      6.34
       6.4
      6.02
      6.28
       6.4
       6.4
      6.54
      6.48
      6.49
      6.39
      6.34
      6.33
      6.33
      6.18
       6.3
      6.37
      6.32
      6.39
      6.39
      6.55
      6.45
      6.46
      6.52
      6.56
      6.54
      6.51
      6.46
      6.49
       6.5
       6.4
      6.47
       6.5
      6.51
       6.5
      6.46
      6.49
      6.49
      6.48
       6.5
       6.6
      6.62
    6.5593
      6.58
      6.36
      6.45
      6.46
      6.17
         6
      5.98
       5.9
       5.4
    5.9596
      5.94
       5.8
       5.9
      5.84
      5.86
      5.84
      5.91
      5.91
      5.86
      6.09
      6.05
      6.06
      6.09
      6.05
      6.03
      6.04
      6.14
      6.11
      6.19
      6.19
      6.18
       6.2
      6.06
      6.18
      6.19
      6.08
      6.17
       6.2
      6.19
      6.03
      5.95
       6.1
       5.8
      5.89
      5.97
      5.89
      5.94
      6.02
      5.93
      6.02
       6.1
      6.13
      6.02
       6.1
      6.11
      6.04
      6.05
      6.03
      6.01
      5.74
      5.84
      6.08
      6.02
      5.93
      5.95
      6.42
      6.09
      6.19
      6.11
       6.3
      6.34
      6.42
      6.44
      6.46
      6.47
      6.49
      6.49
      6.54
      6.51
      6.55
       6.4
      6.43
       6.4
      6.39
      6.43
      6.39
      6.13
      6.02
       6.2
      6.18
      6.26
      6.07
      6.19
      6.21
      6.13
      6.04
      6.05
      6.08
      6.14
      6.18
       6.1
      6.14
    6.0897
      6.06
      5.93
      5.86
      5.77
      6.04
      5.96
      5.89
      5.79
     5.756
      5.67
      5.54
       5.5
      5.46
      5.48
      5.53
       5.3
      5.23
      5.26
      5.29
      5.04
      5.05
      5.04
      5.06
      5.17
      4.94
      4.82
      5.54
      5.99
      5.92
      5.36
      5.21
      5.14
      5.16
      5.23
      5.19
      5.19
       5.1
      4.82
       4.8
      4.64
      4.61
       4.8
      4.67
      4.89
      4.96
      5.18
      5.23
      5.42
      5.19
      5.06
     5.085
       5.3
      5.12
      5.13
      4.96
      4.65
      4.66
      4.71
       4.8
      4.69
      4.64
      4.59
      4.69
      4.69
       4.6
      4.45
      4.43
       4.4
      4.33
       4.2
      4.18
      4.37
      4.17
      4.12
      4.14
      4.07
      4.19
       4.2
      4.23
       4.3
      4.41
      4.27
      4.09
      4.03
       4.1
      3.93
      3.85
       3.8
       3.8
      3.76
      3.69
      3.58
      3.74
      3.74
      3.89
      4.07
      4.06
      4.29
      4.02
      3.88
      4.02
         4
      4.01
      3.99
      3.98
      3.98
         4
      4.06
      4.04
      3.95
      3.76
      3.77
         4
      3.63
      3.16
      3.23
      3.32
      3.28
      3.18
      3.26
      3.22
      3.27
       3.2
      3.13
      3.47
      3.28
      3.42
      3.31
      3.32
      3.39
       3.5
       3.5
      3.46
      3.49
      3.49
      3.56
      3.62
      3.53
      3.32
      3.23
      3.27
      3.18
      3.18
      3.15
      3.21
      3.18
      3.24
      3.33
      3.17
      3.01
      2.99
      2.99
      2.72
      2.82
      2.72
      2.95
      3.28
      4.04
      4.28
      4.45
      4.34
      4.11
      4.17
      4.48
      4.49
      4.74
      4.58
      4.41
      4.36
      4.38
      4.39
      4.26
      4.27
      4.23
       4.3
      4.28
      4.27
      4.32
      4.16
      4.05
       3.9
    3.8032
      3.84
      3.91
      3.82
      3.71
       3.8
      3.65
      3.59
      3.57
      3.48
       3.4
      3.47
      3.46
     3.445
      3.23
      2.86
      2.89
      2.91
    2.9668
       3.3
      3.18
      3.23
      3.04
      3.06
      3.05
      3.02
      2.99
       2.9
      2.83
      2.95
    2.9042
      2.88
      2.75
      2.82
      2.65
      2.68
      2.75
      2.65
      2.68
      2.67
    2.6561
      2.65
      2.59
      2.47
      2.34
      2.38
      2.43
      2.45
      2.49
      2.62
      2.52
      2.51
       2.6
      2.61
      2.55
      2.53
      2.55
       2.6
      2.55
      2.55
       2.6
       2.5
       2.3
      2.35
      2.35
       2.4
      2.35
      3.35
      3.65
      3.25
      3.35
      3.35
      3.45
      3.45
      3.45
       3.3
       3.2
       3.1
       3.1
       3.1
       3.1
       3.1
      3.15
       3.1
         3
      3.05
       3.1
       2.9
      3.05
       2.9
       2.7
      2.75
      2.65
       2.7
      2.65
      2.65
      2.55
       2.7
      2.65
      2.75
      2.75
       2.7
      2.65
       2.7
       2.7
      2.75
      2.65
      2.65
       2.6
      2.55
       2.5
      2.65
       2.7
      2.75
      2.75
     2.675
      2.65
      2.55
      2.55
      2.55
      2.55
       2.5
     2.525
      2.45
      2.35
       2.7
       2.6
     2.625
       2.6
       2.6
      2.65
      2.65
       2.7
       2.6
       2.5
      2.55
       2.5
       2.4
      2.35
       2.4
       2.2
       2.2
      1.85
      1.75
       1.9
       1.8
       1.7
      1.65
      1.65
       1.9
         2
       1.9
      1.85
      1.65
       1.8
      1.65
      1.75
      1.75
      1.75
      1.75
      1.75
       1.7
      1.75
      1.65
       1.8
      1.75
      1.75
      1.85
       1.8
       1.8
      1.75
       1.7
      1.65
       1.7
       1.7
      1.65
      1.65
      1.65
      1.75
       1.7
      1.85
    1.7627
      1.75
       1.8
      1.65
       1.8
       1.7
       1.5
      1.55
       1.5
       1.5
      1.35
      1.35
      1.25
       1.3
       1.3
      1.25
      1.35
      1.25
      1.25
      1.35
       1.4
      1.35
       1.3
      1.35
      1.35
       1.4
      1.35
      1.35
       1.4
       1.4
      1.35
       1.4
       1.4
      1.45
       1.4
      1.45
       1.5
      1.65
      1.75
       1.7
       1.7
      1.65
       1.7
       1.7
       1.6
       1.7
    1.5805
      1.55
     1.575
      1.85
       2.2
      2.55
         3
      2.45
      2.25
      2.25
       2.1
       2.1
      2.05
         2
         2
         2
         2
      2.05
      1.95
      1.75
       1.8
      1.75
       1.7
       1.6
      1.65
       1.6
      1.45
     1.475
      1.45
       1.4
       1.4
      1.45
      1.35
      1.45
       1.6
       1.7
       1.7
     1.725
      1.65
      1.65
     1.575
      1.45
       1.4
       1.4
       1.4
       1.5
      1.45
       1.4
      1.45
      1.45
       1.4
       1.5
       1.4
      1.35
       1.4
       1.4
       1.4
       1.4
      1.45
       1.4
       1.4
       1.5
      1.45
       1.5
      1.55
       1.5
      1.45
      1.45
       1.4
       1.5
      1.45
       1.5
       1.5
      1.45
      1.45
       1.5
       1.5
       1.5
       1.5
       1.5
       1.5
       1.6
      1.45
       1.5
       1.5
      1.55
      1.75
       1.7
       1.6
       1.7
       1.6
     1.625
       1.6
      1.65
       1.6
      1.65
       1.6
       1.6
       1.6
       1.6
       1.6
       1.5
      1.55
      1.55
       1.5
       1.4
       1.4
       1.4
       1.4
       1.4
       1.4
       1.4
       1.4
     1.425
      1.55
       1.4
     1.425
      1.45
       1.5
       1.5
       1.5
      1.45
      1.45
      1.45
       1.5
      1.55
       1.6
      1.55
      1.45
      1.45
       1.5
       1.5
      1.45
     1.425
       1.4
      1.45
       1.5
      1.45
       1.4
       1.4
      1.45
       1.4
     1.375
       1.3
      1.35
     1.375
      1.25
       1.3
      1.35
       1.3
       1.3
       1.3
      1.35
      1.35
      1.35
      1.35
     1.375
      1.35
      1.35
      1.35
       1.3
       1.3
       1.3
       1.3
       1.3
       1.3
      1.25
       1.3
      1.25
      1.25
       1.3
      1.25
     1.275
      1.25
       1.3
      1.25
      1.25
       1.3
     1.275
      1.25
     1.275
      1.25
      1.25
      1.25
       1.3
       1.2
       1.1
       1.1
      1.15
      1.05
     1.075
      1.15
       1.1
      1.15
      1.05
      1.05
    1.1345
      1.15
     1.125
      1.15
       1.1
      1.15
       1.1
      1.15
       1.1
      1.15
       1.2
       1.2
       1.2
      1.15
       1.3
      1.25
      1.25
       1.3
      1.25
       1.3
      1.25
     1.275
       1.3
      1.25
      1.25
      1.25
       1.3
     1.275
     1.275
      1.35
      1.45
    1.4142
       1.4
      1.35
      1.35
       1.3
     1.325
       1.3
      1.35
      1.35
       1.3
      1.35
      1.25
      1.25
       1.5
      1.65
      1.65
      1.55
       1.8
       1.8
      1.55
       1.9
       2.2
      2.25
       2.4
       2.4
       2.5
       2.4
      2.25
       2.3
     2.025
      1.75
       1.8
       1.7
      1.75
       1.7
      1.75
       1.7
       1.7
       1.7
       1.6
      1.55
      1.65
     1.645
       1.6
       1.7
      1.65
       1.6
      1.65
       1.6
       1.7
      1.55
       1.5
       1.5
       1.5
      1.55
       1.5
      1.55
      1.55
       1.5
      1.55
       1.6
      1.55
       1.6
       1.7
      1.65
       1.6
      1.65
       1.6
       1.6
      1.55
       1.6
       1.6
      1.55
       1.5
       1.5
      1.55
      1.55
       1.6
      1.55
      1.65
      1.55
      1.25
      1.25
       1.2
      1.22
      1.17
      1.18
      1.14
      1.15
      1.11
       1.1
       1.1
      1.07
      1.06
      1.09
      1.09
       1.2
      1.15
      1.11
      1.15
      1.16
      1.08
      1.08
      1.07
      1.04
      1.02
      1.04
      1.08
      1.07
      1.11
      1.05
      1.12
      1.06
      1.15
    1.0407
      1.06
      1.07
      1.12
      1.15
      1.09
      1.05
      1.12
      1.09
      1.11
    1.0754
       1.1
       1.1
      1.06
      1.06
