138.7
137.6
135.45
121.58
126.09
121.11
122.1
121.38
120.84
120.5
126.94
127.28
124.17
144.7
138.95
140.48
137.36
141.6
142.19
139.65
147.47
147.65
147.94
152.46
147.98
140.72
143.24
143.55
151.41
155.5
151.12
152.44
150.43
150.1
149.56
147
149.36
151.28
147.53
145.72
139.34
161.27
164.13
170.97
170.01
176.68
178.56
181.5
174.6
169.62
178.38
175.23
182.84
181.41
177.11
178.73
174.42
178.38
186.53
196.56
196.62
195.32
199.63
198.23
203.7
193.64
209.97
209.6
217.65
248
253
252.54
244.81
250.56
254.84
252.66
252.94
246.21
238.84
234.41
241.49
237.79
230.97
233.98
240.04
235.84
234.91
228.89
220.17
220.44
212.96
207.32
212.37
208.45
216.97
230.29
225.4
212.23
207.52
215.46
216.93
204.19
203.78
198.09
193.91
199.11
198.12
204.38
218.64
207.99
207.86
199.85
198.51
206.92
207.89
207.73
210.91
216.61
207.28
201.35
178.59
182.26
184.67
190.16
190.62
188.59
191.56
196.09
195.3
199.45
204.88
207.3
211.56
210.24
210.24
207.77
204.7
204.94
203.99
206.9
208.17
205.31
202.3
204.47
203.52
206.42
224.61
231.67
227.12
227.79
229.59
237.22
232.5
236.89
235.6
239.06
240.06
239.72
229.43
229.25
222.66
219.07
223.06
219.46
218.13
226.7
219.58
217.16
215.4
220.02
220.54
219.58
222.49
223.54
223.57
224.82
225.01
228.92
223.3
233.27
238.52
238.49
248.93
252.39
248.13
259.32
259.96
260.31
261.38
262.01
259.94
256.76
255.71
254.34
256.78
262.55
261.74
263.25
263.86
269.7
284.12
281.19
286.04
277.39
282.11
278.48
281.1
280.31
279.2
253.86
260.74
261.38
263.82
259.32
250.03
250.41
252.14
246.95
246.6
245.26
242.68
240.24
251.42
255.21
260.62
259.57
259.28
257.01
236.91
224.59
227.06
229.7
226.35
227.48
230.47
235.34
231.1
235.29
235.24
221.67
242.77
238.1
238.66
241.7
242.59
238.93
230.97
241.22
240.2
241.93
251.08
249.1
251.7
258.68
253.98
257.7
247.74
248.71
242.78
246.72
248.09
248.44
244.52
231.64
231.43
229.3
228.28
223.71
214.36
216.89
209.84
208.88
207
204.04
197.81
205.82
218.26
219.29
222.6
220.97
222.26
227.82
225.71
222.23
222.41
219.31
210.09
211.28
210.95
210.62
206.66
202.21
204.25
192.69
191.87
193.07
191.93
196.57
201.62
201.29
206.55
205.98
199.37
205.2
203.6
210.94
218.36
218.55
220.99
217.36
217.48
216.29
212.8
202.88
203.77
204.35
204.46
211.71
217.11
207.34
204.11
203.76
207.19
203.34
197.33
199.56
202.44
200.63
193.88
190.88
190.32
193.74
191.07
188.68
195.7
194.73
200.71
195.65
198.08
199.63
201.72
194.3
190.41
185
190.57
188.77
187.59
191
203.1
203.25
207.67
210.09
210.9
209.78
207.46
207.83
206.7
206.79
205.27
209.41
219.44
218.6
218.43
231.55
230.48
232.45
226.05
226.03
230.51
232.95
230.43
236.8
236.61
239.49
244.74
243.18
244.1
248.84
248.75
247.14
244.35
245.62
247.73
247.46
247.43
251.45
250.8
249.45
248.35
248.99
245.92
249.14
256.29
256
250.7
251.41
250.69
250.38
253.12
260.41
261.89
262.51
259.79
267.67
265.17
268.79
267.09
262.02
268.26
269.15
280.02
279.72
267.88
254.96
257.92
259.15
262.16
265.65
263.14
266.68
274.66
282.26
266.77
267.87
267.2
265.41
253.01
264.82
263.82
266.79
266.15
259.99
266.28
270.13
246.13
242.51
241.14
237.37
238.17
242.51
243.15
254.99
260.72
255.25
242.18
230.77
218.87
220.03
224.84
242.99
248.48
249.06
238.63
247.69
245.57
241.93
248.17
248.91
248.48
250.24
253.19
253.57
262.25
262.07
260.62
264.2
260.94
261.06
263.12
256.91
248.43
246.65
248.4
239.88
247.57
246.15
241.46
231.96
226.72
220.69
215.58
219.25
216.88
221.31
227.01
228.1
213.03
210.09
211.72
209.09
215.26
210.35
212.96
211.63
206.93
213.79
208.35
231.63
231.77
232.36
225.33
216.5
219.08
212.94
207.19
214.31
214
221.07
221.8
220.01
217.75
218.25
229.64
231.61
230.26
237.19
231.99
232.71
230.38
231.13
226.72
224.52
227.07
217.02
218.58
221.09
234.51
233.39
230.46
232.56
229.95
229.7
230.57
228.95
237.19
238.09
240.01
223.41
223.43
219.04
215.65
211
207.85
209.97
200.31
206.18
204.99
204.72
198.7
199.97
202.55
196.38
193.56
188.07
189.7
191.2
196.94
182.78
173.48
175.33
162.6
147.99
148.25
143.67
150.47
151.04
155.17
168.68
166.77
166.58
177.74
177.21
179
187.43
190.34
191.93
186.35
188.34
195.74
201.04
205.29
202.6
208.72
205.18
207.5
215.15
218.34
221.93
226.38
232.74
238.32
234.24
222.58
227.75
230.26
230.13
226.89
229.77
237.59
246.99
255.47
265.42
257.2
250.07
249.92
247.82
254.53
251.86
254.51
253.88
247.37
249.97
248.29
253.75
251.82
253.74
251.47
247.71
240.76
241.8
232.32
222.56
211.53
214.93
208.92
208.69
208.96
207.28
207.61
208.29
204.66
211.17
215.21
220.28
216.22
217.91
219.58
225.12
223.04
223.23
219.56
218.96
218.99
220.68
232.34
235.52
229.36
218.79
217.87
214.96
217.7
217.93
215.47
219.7
219.61
196.66
196.4
193.15
198.55
201.79
210.19
212.28
216.5
213.98
214.44
215.94
216.78
224.78
224.65
222.53
221.53
220.4
226.25
225.26
228.36
220.5
222.27
230.01
229.51
228.49
230.61
234.79
230.01
227.2
225.79
230.61
230.03
226.16
229.08
225.65
224.91
225.61
225.59
223.61
223.24
223.51
225
222.93
224.84
222.62
220.96
219.99
215.2
211.34
212.01
200.77
197.78
202.83
201.71
197.36
194.47
198.3
196.05
196.41
200.42
205.4
206.34
204.64
205.22
206.43
207.45
208.99
205.81
206.27
200.7
204.03
213.7
211.41
208.46
201
196.61
200.95
200.1
201.51
200.24
196.51
193.96
199.1
203.56
199.1
200.09
202.76
202.34
202.24
204.01
199.97
197.73
190.79
188.02
187.42
190.56
193.21
194.94
190.06
185.35
188.56
181.45
183.77
183.93
188.66
185.02
184.52
191.17
193.14
196.65
196.12
189.57
189.4
181.88
181.47
186.8
185.85
193.15
192.29
192.18
192.43
198.15
198.69
197.58
202.49
202.73
208.79
207.7
208.45
213.34
219.53
219.74
214.68
213.69
216.99
226.99
226.75
229.01
231.28
229.87
229.73
229.59
237.75
235.58
238.36
243.76
244.73
248.92
254.61
254.47
252.51
252.95
250.63
251.93
249.24
251.55
251.33
257.77
257.48
262.08
269.2
269.23
280.6
280.98
279.76
268.95
272.23
277.39
273.51
255.99
257
246.23
249.99
250.02
250.48
251.57
251.21
248.59
246.87
244.9
243.69
246.17
258
255.73
262.05
261.5
261.92
250.68
255.01
254.78
263.16
270.22
277.45
277.38
277.92
278.3
298.52
303.7
295
298.7
302.54
312.39
308.71
296.84
304
301.44
300.25
305.52
302.51
305.6
308.03
313.79
310.17
308.63
314.07
322.83
318.89
311.02
295.46
308.35
307.19
321.26
325.22
323.1
324.81
315.88
317.01
306.11
313.06
310.83
310.35
303.86
310.22
316.83
325.14
335.1
341.01
340.37
339.85
347.32
352.85
359.65
370
357.32
359.01
375.95
380.66
375.34
371.4
369.8
372.24
376.4
382.61
383.45
377.49
362.37
371.24
360.75
361.61
352.62
327.09
308.83
313.22
316.05
327.22
329.52
323.41
327.78
319.57
328.24
325.26
329.92
328.4
342.52
339.6
343.85
334.46
335.07
323.47
319.57
325.89
347.09
356.91
355.17
365.22
363.53
355.4
357.87
363.8
362.33
362.91
351.92
347.46
337.86
341.35
352.77
352.93
348.05
345.66
347.36
353.18
355.9
355.4
349.59
344.53
350.61
343.4
363.69
362.75
366.23
377.64
379.81
385
375.1
373.91
366.48
351.09
344.99
345.25
340.97
339.6
341.1
341.53
348.14
355.01
355.33
356.88
342.94
355.59
354.6
355.68
355.57
350.6
355.75
359.65
351.81
345.1
337.02
337.34
325.84
326.17
320.87
320.08
331.53
321.08
299.26
306.09
302.78
306.05
304.39
302.99
302.99
315.4
308.7
311.3
312.5
315.05
308.74
317.81
312.6
315.55
316.81
317.55
307.54
308.85
306.53
305.2
303.7
313.26
311.24
315.13
328.91
341.03
339.03
337.89
343.45
338.87
331.1
328.98
331.66
325.2
317.29
311.64
315.36
311.35
320.53
317.25
314.62
316.58
336.41
333.69
334.8
337.95
336.22
340.06
347.16
344.57
350.02
351.56
352.79
345.89
337.64
342.85
349.53
345.82
354.31
349.25
343.75
333.13
333.97
345
315.23
310.42
315.73
323.66
322.31
334.07
335.49
334.77
333.3
346.17
352.05
357.42
350.99
343.06
330.93
335.12
333.35
328.2
332.3
329.1
327.17
345.51
341.84
326.63
325.6
321.35
313.56
310.55
316.53
309.1
301.54
304.18
279.18
257.78
266.13
252.48
267.53
286.94
305.72
299.3
289.66
304.7
300.93
294.08
300.34
291.21
287.69
293.35
300.08
290.24
283.37
283.46
280.69
285.48
294.08
293.9
299.92
301.15
284.45
294.09
302.77
301.97
306.85
305.02
301.06
291.97
284.18
286.48
284.54
276.82
284.49
275.01
279.07
277.85
278.85
283.76
291.72
284.73
291.82
296.74
291.13
319.5
316.09
317.66
332.1
342.77
344.78
357.72
358.17
370.83
352.55
362.22
347.51
333.63
333.01
342
344.5
349.93
342.95
335.07
310.86
309.16
308.9
318.51
322.47
318.96
316.71
318.87
310.1
322.69
323.85
320.23
313.58
303.2
297.43
308.74
306.65
297.18
290.17
298.14
300.84
349.54
348.17
341.99
379.57
370.34
352.45
355.49
356.41
347.64
338.69
335.45
305.5
308.44
321.9
321.64
320.1
322.82
319.27
311.86
305.01
303.15
301.66
288.95
280.74
280.95
263.24
285.5
279.44
290.54
289.46
295.2
294.84
284.96
299.02
298.33
299.1
299.68
300.99
309.58
307.52
264.77
310.7
301.02
294.8
281.83
261.95
250.56
262.8
256.88
252.23
258.78
259.59
276.59
271.78
263.91
260
260.95
294.14
288.5
314.86
330.9
334.85
329.9
337.32
344.28
346.41
341.4
341.06
348.16
351.4
350.51
331.28
338.73